0 102
1 77
2 103
3 191
4 197
5 180
6 197
7 180
8 162
9 131
10 120
11 117
12 121
13 97
14 108
15 85
16 72
17 89
18 69
19 79
20 68
21 74
22 62
23 71
24 71
25 59
26 67
27 55
28 58
29 52
30 41
31 49
32 71
33 62
34 52
35 45
36 48
37 44
38 36
39 53
40 46
41 39
42 37
43 30
44 31
45 42
46 29
47 30
48 44
49 30
50 42
51 41
52 31
53 39
54 40
55 29
56 37
57 34
58 31
59 27
60 25
61 25
62 25
63 20
64 30
65 28
66 26
67 23
68 26
69 23
70 31
71 24
72 28
73 29
74 26
75 22
76 23
77 19
78 20
79 12
80 16
81 18
82 18
83 24
84 24
85 14
86 21
87 15
88 25
89 20
90 24
91 15
92 14
93 18
94 17
95 22
96 12
97 24
98 24
99 21
100 17
101 17
102 20
103 13
104 15
105 13
106 11
107 17
108 8
109 12
110 16
111 14
112 11
113 17
114 18
115 12
116 16
117 11
118 19
119 13
120 9
121 9
122 16
123 18
124 11
125 15
126 10
127 15
128 12
129 9
130 7
131 13
132 15
133 12
134 6
135 9
136 9
137 5
138 13
139 15
140 14
141 9
142 8
143 14
144 9
145 11
146 11
147 12
148 10
149 8
150 9
151 11
152 11
153 12
154 15
155 4
156 7
157 8
158 8
159 10
160 9
161 2
162 10
163 9
164 9
165 5
166 13
167 8
168 8
169 14
170 8
171 8
172 5
173 9
174 5
175 7
176 7
177 8
178 9
179 7
180 5
181 8
182 11
183 10
184 9
185 5
186 5
187 14
188 2
189 7
190 5
191 4
192 3
193 3
194 10
195 6
196 5
197 5
198 7
199 6
200 12
201 5
202 7
203 6
204 2
205 8
206 7
207 6
208 2
209 10
210 6
211 6
212 7
213 4
214 6
215 4
216 8
217 3
218 1
219 3
220 2
221 5
222 4
223 1
224 6
225 3
226 2
227 2
228 3
229 4
231 6
232 8
233 2
234 3
235 5
236 4
237 8
238 3
239 5
240 5
241 2
242 5
243 3
244 2
245 4
246 1
247 2
248 2
249 5
250 2
251 4
252 3
254 5
255 4
256 3
257 3
258 3
259 7
260 3
261 9
262 6
264 4
265 3
266 5
267 6
268 6
269 2
270 2
271 2
272 3
273 6
274 1
275 2
276 5
277 3
278 3
279 4
280 2
281 4
282 4
283 2
284 1
285 4
286 2
287 2
289 4
290 1
291 2
292 3
293 1
294 2
296 2
297 3
298 2
299 2
300 3
301 5
302 5
303 1
304 2
305 3
306 1
307 4
308 1
309 2
310 4
312 1
314 1
316 3
317 1
318 3
319 2
320 1
321 2
322 3
323 4
324 4
325 3
326 3
327 1
329 1
330 3
331 3
332 2
333 2
334 3
335 1
336 5
337 1
338 1
339 1
340 1
341 4
342 4
343 1
344 3
345 2
346 2
347 2
348 1
349 1
350 1
351 5
353 1
354 2
355 4
356 5
357 4
358 3
359 3
360 2
361 2
362 3
363 3
364 2
365 1
367 1
368 1
369 1
371 1
372 2
373 3
374 4
376 4
377 1
378 3
379 5
380 2
381 2
382 3
383 2
384 2
385 1
386 2
387 4
388 2
389 2
390 5
391 1
393 2
394 1
395 1
396 1
397 1
398 1
399 2
400 3
402 2
403 6
404 2
405 3
406 3
407 1
408 1
409 3
410 3
411 1
412 4
414 5
415 3
416 2
417 4
419 1
420 2
421 1
422 4
423 1
424 2
425 6
426 1
429 2
430 3
431 1
432 2
433 3
435 1
437 2
439 1
440 4
442 2
445 1
446 2
448 1
449 1
451 2
452 1
453 1
454 1
455 1
456 1
457 2
458 2
459 1
460 4
461 1
462 1
464 3
466 1
469 1
470 2
474 1
476 1
479 1
482 2
483 1
484 1
487 2
488 2
489 1
491 1
492 2
494 1
495 2
496 2
497 1
498 1
505 1
508 1
512 2
516 1
517 1
518 2
519 1
520 1
522 1
523 1
524 1
525 1
527 2
530 2
532 2
534 1
540 1
543 1
544 1
545 1
547 1
548 1
555 1
556 1
560 1
565 1
566 1
567 2
569 3
571 1
572 1
573 1
574 1
582 1
583 2
584 1
587 2
588 1
589 1
590 2
592 1
593 1
594 1
595 1
598 1
600 1
602 1
603 1
607 1
609 1
616 1
621 2
622 1
629 1
632 1
639 1
641 1
643 1
647 1
648 2
649 2
650 1
658 1
676 1
680 1
682 1
692 1
711 1
712 1
718 1
719 1
720 1
722 2
724 2
772 1
774 1
775 2
804 1
806 1
812 1
818 1
825 1
831 1
843 2
881 1
892 1
901 1
963 1
984 1
992 1
993 1
1008 1
1038 1
