0 93248
1 38198
2 18998
3 11822
4 7852
5 6112
6 4654
7 3602
8 2914
9 2455
10 1964
11 1766
12 1490
13 1305
14 1224
15 1105
16 924
17 803
18 795
19 692
20 655
21 589
22 517
23 490
24 444
25 463
26 450
27 394
28 357
29 375
30 337
31 342
32 349
33 359
34 279
35 257
36 250
37 261
38 259
39 207
40 246
41 213
42 189
43 156
44 182
45 203
46 182
47 183
48 162
49 177
50 150
51 169
52 160
53 180
54 137
55 145
56 132
57 151
58 118
59 108
60 75
61 86
62 83
63 101
64 75
65 73
66 84
67 80
68 81
69 78
70 101
71 79
72 79
73 88
74 97
75 90
76 69
77 56
78 70
79 55
80 57
81 63
82 54
83 39
84 35
85 40
86 39
87 24
88 46
89 56
90 52
91 55
92 50
93 55
94 42
95 52
96 44
97 44
98 62
99 40
100 27
101 40
102 34
103 29
104 36
105 19
106 30
107 30
108 37
109 51
110 41
111 39
112 46
113 42
114 27
115 51
116 51
117 41
118 49
119 52
120 64
121 40
122 49
123 44
124 35
125 31
126 33
127 31
128 35
129 51
130 42
131 40
132 39
133 36
134 35
135 29
136 25
137 39
138 45
139 57
140 44
141 37
142 32
143 42
144 23
145 18
146 35
147 22
148 26
149 18
150 31
151 30
152 45
153 34
154 39
155 15
156 17
157 23
158 17
159 15
160 29
161 10
162 24
163 8
164 13
165 26
166 22
167 22
168 23
169 17
170 18
171 26
172 20
173 18
174 34
175 17
176 24
177 18
178 22
179 15
180 21
181 23
182 17
183 24
184 10
185 10
186 17
187 16
188 25
189 20
190 21
191 11
192 17
193 15
194 19
195 9
196 20
197 10
198 17
199 8
200 7
201 15
202 14
203 11
204 22
205 18
206 13
207 23
208 14
209 18
210 17
211 27
212 9
213 13
214 15
215 22
216 16
217 26
218 16
219 14
220 11
221 15
222 11
223 15
224 15
225 10
226 21
227 10
228 9
229 8
230 16
231 15
232 22
233 15
234 8
235 12
236 10
237 15
238 17
239 23
240 13
241 13
242 8
243 9
244 9
245 14
246 11
247 15
248 5
249 22
250 11
251 6
252 11
253 7
254 18
255 20
256 11
257 18
258 11
259 14
260 19
261 17
262 15
263 19
264 15
265 14
266 10
267 17
268 18
269 17
270 17
271 19
272 10
273 13
274 6
275 12
276 11
277 9
278 11
279 4
280 11
281 4
282 13
283 16
284 14
285 27
286 16
287 19
288 14
289 19
290 11
291 13
292 11
293 29
294 30
295 19
296 19
297 8
298 13
299 12
300 9
301 12
302 10
303 15
304 8
305 13
306 4
307 11
308 14
309 15
310 17
311 19
312 20
313 20
314 20
315 31
316 24
317 31
318 11
319 8
320 13
321 18
322 11
323 6
324 5
325 7
326 6
327 6
328 27
329 20
330 13
331 11
332 14
333 16
334 10
335 16
336 15
337 8
338 8
339 22
340 8
341 8
342 13
343 18
344 5
345 6
346 5
347 7
348 9
349 6
350 12
351 9
352 7
353 7
354 17
355 6
356 3
357 5
358 9
359 8
360 19
361 8
362 15
363 13
364 11
365 7
366 9
367 10
368 10
369 11
370 9
371 12
372 5
373 4
374 14
375 11
376 10
377 16
378 14
379 4
380 10
381 23
382 11
383 6
384 20
385 11
386 19
387 6
388 4
389 11
390 7
391 11
392 5
393 2
394 6
395 4
396 10
397 17
398 10
399 10
400 8
401 8
402 9
403 5
404 3
405 7
406 5
407 10
408 4
409 12
410 10
411 11
412 22
413 11
414 6
415 9
416 9
417 5
418 22
419 2
420 6
421 3
422 6
423 3
424 6
425 13
426 6
427 12
428 13
429 5
430 18
431 14
432 11
433 13
434 5
435 5
436 8
437 10
438 6
439 12
440 6
441 19
442 11
443 9
444 5
445 8
446 5
447 11
448 6
449 13
450 24
451 16
452 15
453 9
454 5
455 5
456 11
457 21
458 10
459 8
460 9
461 8
462 7
463 10
464 7
465 10
466 3
467 5
468 9
469 5
470 5
471 16
472 5
473 3
474 11
475 5
476 10
477 6
478 10
480 4
481 6
482 10
483 2
484 3
485 5
486 7
487 1
488 2
489 8
490 6
491 4
492 3
493 7
494 3
495 1
496 13
497 12
498 8
499 2
500 2
501 6
502 9
503 4
504 2
505 7
506 8
507 6
508 1
509 12
510 17
511 3
514 1
515 4
516 9
517 5
518 7
519 8
520 4
521 4
522 5
523 5
524 4
525 5
526 4
527 2
528 1
529 3
530 6
531 7
532 7
533 2
534 2
535 3
536 3
537 10
538 5
539 3
540 6
541 6
542 7
543 3
544 1
545 10
546 6
547 2
548 4
549 5
550 7
551 5
552 11
553 7
554 6
555 7
556 7
557 7
558 5
559 6
560 7
561 5
562 5
563 6
564 2
565 8
566 10
567 10
568 4
569 15
570 14
571 9
572 4
573 2
574 2
575 3
576 2
577 2
578 2
579 1
580 3
581 1
582 2
583 1
584 1
586 6
587 7
588 3
589 4
590 6
591 2
592 5
593 6
594 2
595 1
596 4
597 7
599 2
600 1
601 3
602 1
603 2
604 3
605 4
607 2
608 2
609 1
610 2
611 4
612 3
613 8
614 2
615 2
616 1
617 5
618 1
619 4
620 4
621 3
622 2
623 2
624 1
625 1
630 2
631 4
632 3
633 2
634 2
635 2
637 2
638 1
639 2
640 4
641 2
642 2
643 6
644 4
645 1
646 1
647 10
648 6
649 3
650 1
651 2
652 5
653 2
654 2
656 2
657 4
658 2
659 3
660 4
661 2
662 2
663 2
664 3
665 1
666 4
667 6
668 3
669 1
671 2
673 3
674 1
675 3
677 2
678 2
679 2
680 1
681 6
682 4
683 1
685 1
686 2
688 3
689 2
693 3
694 2
696 4
697 2
698 3
699 4
700 4
701 2
702 1
704 5
705 7
706 5
707 2
708 3
710 1
711 2
712 8
713 2
714 6
715 2
716 5
717 3
719 3
720 1
721 3
722 2
723 2
724 5
725 2
727 6
729 3
730 7
731 5
732 3
733 9
734 5
735 6
736 1
737 11
738 10
739 3
740 5
741 4
742 8
743 6
744 8
745 4
746 4
747 4
748 9
749 2
750 4
752 4
753 5
754 2
755 5
756 8
757 2
758 6
759 3
761 3
762 3
763 3
764 6
765 2
766 2
767 4
768 5
769 6
770 5
771 1
772 4
773 8
774 5
775 4
776 6
777 5
778 3
779 11
780 11
781 4
782 8
783 2
784 2
785 2
786 4
787 2
788 6
789 2
791 2
792 3
793 1
794 3
795 5
796 4
797 6
798 8
799 2
800 7
801 14
802 8
803 8
804 6
805 6
806 2
807 3
808 3
809 5
810 3
811 1
812 4
813 9
814 2
815 2
816 2
817 5
818 3
819 1
820 2
821 5
822 9
823 12
824 1
825 3
826 6
827 10
828 25
829 8
830 10
831 10
832 6
833 3
834 7
835 1
836 4
837 1
838 4
839 9
840 6
841 6
842 4
843 2
844 1
845 3
846 4
847 3
849 7
850 3
851 12
852 5
853 1
854 4
855 1
856 2
857 3
859 1
860 1
861 1
862 3
863 3
864 1
865 5
866 2
867 1
868 5
869 2
870 1
871 4
872 4
874 3
876 3
877 1
878 3
879 1
880 2
881 3
882 3
883 1
884 5
885 1
886 1
887 3
888 4
889 1
890 2
891 3
892 7
893 3
897 4
898 3
899 1
900 2
901 2
902 6
903 5
906 2
908 4
909 1
910 4
911 2
912 1
913 5
914 1
915 3
916 2
917 4
918 2
919 4
920 5
925 1
926 3
927 1
928 3
941 1
956 1
964 1
966 3
969 1
970 1
973 2
975 1
977 1
980 5
981 3
982 2
988 1
989 1
990 1
991 1
992 1
998 4
999 1
1001 1
1008 1
1009 1
1010 2
1011 2
1012 5
1014 1
1015 2
1016 2
1017 2
1018 1
1019 1
1034 2
1035 1
1036 3
1040 1
1041 3
1042 4
1043 6
1044 1
1045 1
1046 3
1047 2
1049 1
1050 1
1051 1
1052 3
1053 1
1054 3
1056 4
1059 2
1061 1
1062 1
1064 2
1065 1
1067 1
1068 1
1069 2
1078 2
1079 1
1080 1
1081 2
1083 1
1089 6
1092 1
1094 2
1096 2
1098 2
1099 4
1101 1
1103 5
1104 2
1105 2
1106 6
1107 5
1108 3
1110 1
1111 3
1112 2
1113 2
1120 2
1121 2
1122 3
1123 3
1124 1
1125 5
1126 1
1130 1
1131 3
1132 2
1133 2
1134 3
1135 3
1136 4
1137 1
1138 4
1139 1
1140 1
1141 2
1142 1
1146 1
1149 1
1150 3
1151 2
1153 3
1168 1
1170 1
1172 1
1173 1
1178 2
1179 1
1181 3
1182 2
1184 1
1187 1
1188 1
1189 2
1190 2
1191 1
1193 1
1198 1
1202 2
1213 1
1219 1
1224 1
1225 3
1252 1
1259 1
1260 2
1266 1
1270 1
1271 2
1274 1
1276 1
1301 1
1319 1
1351 1
1352 1
1417 1
1490 1
1493 1
1537 2
1549 1
1550 1
1591 1
1593 1
1594 1
1598 1
1599 1
1601 1
1604 1
1606 1
1607 1
1608 1
1611 2
1614 1
1615 2
1624 1
1629 2
1633 1
1636 3
1638 1
1639 2
1640 1
1642 1
1649 2
1651 1
1667 1
1670 1
1733 1
1743 1
1745 1
1752 1
